Gamma(10,1): 43 different patterns
1 [] 100000
1 [-6] 25
1 [-4] 800
1 [-2] 20000
1 [-4,-2] 100
1 [-2,-2] 1600
1 [-2,-2,-2] 50
1 [-2,-2,+2] 210
1 [-2,-2,+2,+2] 30
1 [-2,-2,+3] 120
1 [-2,+2] 3200
1 [-2,+2,+2] 180
1 [-2,+2,+3] 120
1 [-2,+2,+3,+3] 20
1 [-2,+2,+4] 60
1 [-2,+3] 1280
1 [-2,+3,+3] 30
1 [-2,+4] 140
1 [-2,+5] 80
1 [+2] 20000
1 [-4,+2] 140
1 [+2,+2] 1600
1 [-4,+2,+2] 30
1 [+2,+2,+2] 70
1 [+2,+2,+2,+2,+2] 1
1 [+2,+2,+3] 60
1 [+2,+3] 1280
1 [+2,+3,+3] 40
1 [+2,+3,+5] 20
1 [+2,+4] 120
1 [+2,+5] 40
1 [+2,+6] 20
1 [+3] 8000
1 [-4,+3] 80
1 [+3,+3] 250
1 [+3,+3,+4] 10
1 [+3,+4] 40
1 [+3,+5] 20
1 [+4] 800
1 [+4,+4] 10
1 [+5] 320
1 [+6] 35
1 [+7] 20
Gamma(10,u): 30 different patterns
u [] 98976
u [-4] 600
u [-2] 18975
u [-2,-2] 1200
u [-2,-2,+2] 150
u [-2,+2] 3200
u [-2,+2,+2] 210
u [-2,+2,+2,+2] 20
u [-2,+2,+3] 240
u [-2,+3] 1280
u [-2,+3,+3] 60
u [-2,+4] 100
u [+2] 20000
u [-4,+2] 100
u [+2,+2] 1600
u [+2,+2,+2] 60
u [+2,+2,+3] 60
u [+2,+2,+3,+3] 10
u [+2,+2,+4] 30
u [+2,+3] 1280
u [+2,+3,+3] 30
u [+2,+4] 140
u [+2,+5] 80
u [+3] 8000
u [+3,+3] 260
u [+3,+4] 80
u [+3,+5] 40
u [+4] 800
u [+5] 320
u [+6] 25
