Gamma(10,1): 18 different patterns
1 [] 4439050
1 [-4] 2420
1 [-2] 399300
1 [-2,-2] 12100
1 [-2,+2] 34650
1 [-2,+2,+2] 1485
1 [-2,+3] 6820
1 [+2] 406010
1 [+2,+2] 17215
1 [+2,+2,+2] 550
1 [+2,+2,+3] 330
1 [+2,+3] 6160
1 [+2,+3,+3] 110
1 [+2,+4] 330
1 [+3] 74250
1 [+3,+3] 495
1 [+4] 3465
1 [+5] 682
Gamma(10,u): 14 different patterns
u [] 4382389
u [-4] 605
u [-2] 353925
u [-2,-2] 3025
u [-2,+2] 24200
u [-2,+3] 2420
u [+2] 399300
u [+2,+2] 17325
u [+2,+2,+2] 495
u [+2,+3] 6820
u [+3] 71390
u [+3,+3] 550
u [+4] 2420
u [+5] 242
