Gamma(10,1): 34 different patterns
1 [] 750141
1 [-4] 2205
1 [-2] 107163
1 [-2,-2] 6615
1 [-2,-2,+2] 945
1 [-2,-2,+3] 210
1 [-2,+2] 13146
1 [-2,+2,+2] 630
1 [-2,+2,+2,+2] 84
1 [-2,+2,+3] 420
1 [-2,+3] 3780
1 [-2,+3,+3] 105
1 [-2,+4] 378
1 [-2,+5] 84
1 [+2] 107163
1 [-4,+2] 378
1 [+2,+2] 6489
1 [+2,+2,+2] 210
1 [+2,+2,+3] 168
1 [+2,+2,+3,+3] 21
1 [+2,+2,+4] 63
1 [+2,+3] 3780
1 [+2,+3,+3] 84
1 [+2,+4] 252
1 [+2,+5] 84
1 [+3] 30618
1 [-4,+3] 84
1 [+3,+3] 525
1 [+3,+4] 84
1 [+3,+5] 42
1 [+4] 2191
1 [+5] 630
1 [+6] 63
1 [+7] 14
Gamma(10,u): 22 different patterns
u [] 744429
u [-4] 1372
u [-2] 101430
u [-2,-2] 4116
u [-2,+2] 13230
u [-2,+2,+2] 945
u [-2,+2,+3] 420
u [-2,+3] 3528
u [+2] 107163
u [+2,+2] 6573
u [+2,+2,+2] 210
u [+2,+2,+2,+2] 21
u [+2,+2,+3] 210
u [+2,+3] 3780
u [+2,+3,+3] 105
u [+2,+4] 378
u [+2,+5] 84
u [+3] 30618
u [+3,+3] 630
u [+3,+4] 84
u [+4] 2205
u [+5] 588
