Gamma(10,1): 46 different patterns
1 [] 2187
1 [-6] 9
1 [-4] 81
1 [-4,+4] 6
1 [-2] 729
1 [-4,-2] 18
1 [-2,-2] 81
1 [-2,-2,-2] 3
1 [-2,-2,+2] 9
1 [-2,-2,+3] 6
1 [-2,-2,+4] 3
1 [-2,+2] 162
1 [-4,-2,+2] 6
1 [-2,+2,+2] 9
1 [-2,+2,+3] 12
1 [-2,+3] 108
1 [-2,+3,+3] 3
1 [-2,+3,+5] 6
1 [-2,+4] 18
1 [-2,+5] 12
1 [-2,+6] 6
1 [+2] 729
1 [-6,+2] 6
1 [-4,+2] 18
1 [+2,+2] 81
1 [+2,+2,+2] 3
1 [+2,+2,+3] 6
1 [+2,+2,+6] 3
1 [+2,+3] 108
1 [+2,+3,+3] 6
1 [+2,+4] 18
1 [+2,+4,+4] 3
1 [+2,+5] 12
1 [+3] 486
1 [-4,+3] 12
1 [+3,+3] 36
1 [-4,+3,+3] 3
1 [+3,+4] 12
1 [+3,+5] 6
1 [+3,+7] 6
1 [+4] 81
1 [+5] 54
1 [+5,+5] 3
1 [+6] 9
1 [+7] 6
1 [+8] 3
Gamma(10,u): 37 different patterns
u [] 2115
u [-4] 57
u [-2] 657
u [-2,-2] 57
u [-2,-2,+2] 9
u [-2,-2,+3] 6
u [-2,+2] 162
u [-2,+2,+2] 9
u [-2,+2,+3] 12
u [-2,+2,+4] 6
u [-2,+3] 108
u [-2,+3,+3] 6
u [-2,+4] 18
u [-2,+5] 12
u [+2] 729
u [-4,+2] 18
u [+2,+2] 81
u [-4,+2,+2] 3
u [+2,+2,+2] 3
u [+2,+2,+3] 6
u [+2,+3] 108
u [+2,+3,+3] 3
u [+2,+3,+5] 6
u [+2,+4] 18
u [+2,+5] 12
u [+2,+6] 6
u [+3] 486
u [-4,+3] 12
u [+3,+3] 36
u [+3,+3,+4] 3
u [+3,+4] 12
u [+3,+5] 12
u [+4] 81
u [+4,+4] 3
u [+5] 54
u [+6] 9
u [+7] 6
