Gamma(11,1): 66 different patterns
1 [] 5250987
1 [-6] 294
1 [-4] 15309
1 [-4,+4] 42
1 [-2] 750141
1 [-4,-2] 1764
1 [-2,-2] 45927
1 [-2,-2,-2] 1470
1 [-2,-2,-2,+2] 140
1 [-2,-2,+2] 4725
1 [-2,-2,+2,+2] 210
1 [-2,-2,+2,+3] 210
1 [-2,-2,+3] 1575
1 [-2,-2,+4] 105
1 [-2,+2] 91854
1 [-4,-2,+2] 210
1 [-2,+2,+2] 4725
1 [-2,+2,+2,+2] 112
1 [-2,+2,+2,+2,+3] 21
1 [-2,+2,+2,+3] 168
1 [-2,+2,+3] 2625
1 [-2,+2,+4] 210
1 [-2,+2,+5] 105
1 [-2,+3] 26292
1 [-2,+3,+3] 315
1 [-2,+3,+3,+3] 28
1 [-2,+3,+4] 105
1 [-2,+4] 1890
1 [-2,+5] 630
1 [-2,+6] 42
1 [+2] 750141
1 [-6,+2] 42
1 [-4,+2] 1890
1 [+2,+2] 45927
1 [-4,+2,+2] 105
1 [+2,+2,+2] 1554
1 [+2,+2,+2,+2] 28
1 [+2,+2,+2,+3] 21
1 [+2,+2,+2,+5] 7
1 [+2,+2,+3] 1239
1 [+2,+2,+3,+4] 21
1 [+2,+2,+4] 84
1 [+2,+2,+5] 42
1 [+2,+3] 26208
1 [-4,+2,+3] 105
1 [+2,+3,+3] 399
1 [+2,+3,+4] 84
1 [+2,+4] 1890
1 [+2,+5] 525
1 [+2,+6] 42
1 [+2,+7] 21
1 [+3] 214326
1 [-4,+3] 630
1 [+3,+3] 3717
1 [+3,+3,+3] 42
1 [+3,+3,+5] 21
1 [+3,+4] 525
1 [+3,+5] 126
1 [+3,+6] 21
1 [+4] 15309
1 [+4,+4] 21
1 [+4,+5] 21
1 [+5] 4382
1 [+6] 315
1 [+7] 105
1 [+8] 7
