Gamma(11,1): 78 different patterns
1 [] 500000
1 [-6] 160
1 [-4] 4000
1 [-4,+4] 40
1 [-4,+5] 20
1 [-2] 100000
1 [-4,-2] 640
1 [-2,-2] 8000
1 [-2,-2,-2] 320
1 [-2,-2,-2,+2] 40
1 [-2,-2,-2,+3] 20
1 [-2,-2,+2] 960
1 [-2,-2,+2,+2] 30
1 [-2,-2,+2,+2,+3] 5
1 [-2,-2,+2,+3] 30
1 [-2,-2,+3] 390
1 [-2,-2,+4] 60
1 [-2,-2,+5] 30
1 [-2,+2] 16000
1 [-4,-2,+2] 120
1 [-2,+2,+2] 960
1 [-2,+2,+2,+2] 20
1 [-2,+2,+2,+3] 40
1 [-2,+2,+2,+5] 10
1 [-2,+2,+3] 750
1 [-2,+2,+3,+4] 20
1 [-2,+2,+4] 60
1 [-2,+2,+5] 30
1 [-2,+3] 6400
1 [-4,-2,+3] 60
1 [-2,+3,+3] 150
1 [-2,+3,+3,+3] 10
1 [-2,+3,+4] 30
1 [-2,+4] 640
1 [-2,+5] 260
1 [-2,+6] 40
1 [-2,+7] 20
1 [+2] 100000
1 [-6,+2] 40
1 [-4,+2] 640
1 [+2,+2] 8000
1 [-4,+2,+2] 30
1 [+2,+2,+2] 320
1 [+2,+2,+2,+2] 10
1 [+2,+2,+2,+3] 10
1 [+2,+2,+3] 395
1 [-4,+2,+2,+3] 10
1 [+2,+2,+4] 30
1 [+2,+2,+5] 20
1 [+2,+2,+7] 5
1 [+2,+3] 6400
1 [-4,+2,+3] 30
1 [+2,+3,+3] 150
1 [+2,+3,+4] 40
1 [+2,+3,+6] 10
1 [+2,+4] 640
1 [+2,+4,+5] 10
1 [+2,+5] 250
1 [+2,+6] 20
1 [+2,+7] 10
1 [+3] 40000
1 [-6,+3] 20
1 [-4,+3] 260
1 [+3,+3] 1280
1 [+3,+3,+3] 20
1 [+3,+3,+5] 15
1 [+3,+4] 250
1 [+3,+4,+4] 5
1 [+3,+5] 100
1 [+3,+6] 10
1 [+4] 4000
1 [+4,+4] 10
1 [+4,+5] 10
1 [+5] 1600
1 [+6] 160
1 [+7] 65
1 [+8] 10
1 [+9] 5
