Gamma(11,1): 75 different patterns
1 [] 6561
1 [-8] 3
1 [-6] 27
1 [-4] 243
1 [-4,-4] 3
1 [-4,+4] 6
1 [-4,+5] 6
1 [-2] 2187
1 [-6,-2] 6
1 [-4,-2] 54
1 [-2,-2] 243
1 [-4,-2,-2] 3
1 [-2,-2,-2] 9
1 [-2,-2,+2] 27
1 [-2,-2,+3] 18
1 [-2,-2,+4] 3
1 [-2,-2,+5] 3
1 [-2,+2] 486
1 [-4,-2,+2] 6
1 [-2,+2,+2] 27
1 [-2,+2,+3] 36
1 [-2,+2,+4] 6
1 [-2,+2,+5] 3
1 [-2,+2,+7] 3
1 [-2,+3] 324
1 [-4,-2,+3] 6
1 [-2,+3,+3] 12
1 [-2,+3,+4] 3
1 [-2,+3,+6] 3
1 [-2,+4] 54
1 [-2,+4,+5] 3
1 [-2,+5] 36
1 [-2,+6] 6
1 [-2,+7] 6
1 [+2] 2187
1 [-6,+2] 6
1 [-4,+2] 54
1 [-4,+2,+5] 3
1 [+2,+2] 243
1 [-4,+2,+2] 3
1 [+2,+2,+2] 9
1 [+2,+2,+3] 18
1 [+2,+2,+4] 3
1 [+2,+2,+5] 3
1 [+2,+3] 324
1 [-6,+2,+3] 3
1 [-4,+2,+3] 3
1 [+2,+3,+3] 12
1 [+2,+3,+4] 6
1 [+2,+4] 54
1 [+2,+5] 36
1 [+2,+6] 6
1 [+2,+7] 3
1 [+2,+9] 3
1 [+3] 1458
1 [-6,+3] 6
1 [-4,+3] 36
1 [-4,+3,+4] 3
1 [+3,+3] 108
1 [+3,+3,+3] 3
1 [+3,+3,+5] 3
1 [+3,+4] 36
1 [+3,+5] 24
1 [+3,+6] 3
1 [+3,+8] 3
1 [+4] 243
1 [+4,+4] 3
1 [+4,+5] 3
1 [+4,+7] 3
1 [+5] 162
1 [+5,+6] 3
1 [+6] 27
1 [+7] 18
1 [+8] 3
1 [+9] 3
