Gamma(12,1): 85 different patterns
1 [] 36756909
1 [-6] 2205
1 [-4] 107163
1 [-4,+4] 378
1 [-4,+5] 84
1 [-2] 5250987
1 [-4,-2] 13230
1 [-2,-2] 321489
1 [-2,-2,-2] 11025
1 [-2,-2,-2,+2] 1260
1 [-2,-2,-2,+3] 280
1 [-2,-2,+2] 32865
1 [-2,-2,+2,+2] 1260
1 [-2,-2,+2,+2,+2] 126
1 [-2,-2,+2,+3] 840
1 [-2,-2,+3] 9450
1 [-2,-2,+3,+3] 210
1 [-2,-2,+4] 945
1 [-2,-2,+5] 210
1 [-2,+2] 642978
1 [-4,-2,+2] 1890
1 [-2,+2,+2] 32445
1 [-2,+2,+2,+2] 840
1 [-2,+2,+2,+3] 672
1 [-2,+2,+2,+3,+3] 63
1 [-2,+2,+2,+4] 252
1 [-2,+2,+3] 18900
1 [-2,+2,+3,+3] 336
1 [-2,+2,+4] 1260
1 [-2,+2,+5] 420
1 [-2,+3] 183708
1 [-4,-2,+3] 420
1 [-2,+3,+3] 2625
1 [-2,+3,+4] 420
1 [-2,+3,+5] 210
1 [-2,+4] 13146
1 [-2,+5] 3780
1 [-2,+6] 378
1 [-2,+7] 84
1 [+2] 5250987
1 [-6,+2] 378
1 [-4,+2] 13146
1 [+2,+2] 321489
1 [-4,+2,+2] 630
1 [+2,+2,+2] 11095
1 [-4,+2,+2,+2] 84
1 [+2,+2,+2,+2] 210
1 [+2,+2,+2,+3] 224
1 [+2,+2,+3] 9324
1 [+2,+2,+3,+3] 63
1 [+2,+2,+3,+5] 42
1 [+2,+2,+4] 630
1 [+2,+2,+5] 168
1 [+2,+2,+6] 63
1 [+2,+3] 183708
1 [-4,+2,+3] 420
1 [+2,+3,+3] 2478
1 [+2,+3,+3,+4] 42
1 [+2,+3,+4] 336
1 [+2,+3,+5] 168
1 [+2,+4] 12978
1 [+2,+4,+4] 63
1 [+2,+5] 3780
1 [+2,+6] 252
1 [+2,+7] 84
1 [+3] 1500282
1 [-6,+3] 84
1 [-4,+3] 3780
1 [+3,+3] 26208
1 [-4,+3,+3] 105
1 [+3,+3,+3] 266
1 [+3,+3,+4] 84
1 [+3,+4] 3780
1 [+3,+5] 1050
1 [+3,+6] 84
1 [+3,+7] 42
1 [+4] 107163
1 [+4,+4] 126
1 [+4,+5] 84
1 [+5] 30618
1 [+5,+5] 21
1 [+6] 2191
1 [+7] 630
1 [+8] 63
1 [+9] 14
Gamma(12,u): 62 different patterns
u [] 36716918
u [-6] 1372
u [-4] 101430
u [-2] 5211003
u [-4,-2] 8232
u [-2,-2] 304290
u [-2,-2,-2] 6860
u [-2,-2,+2] 33075
u [-2,-2,+2,+2] 1890
u [-2,-2,+2,+3] 840
u [-2,-2,+3] 8820
u [-2,+2] 642978
u [-2,+2,+2] 32865
u [-2,+2,+2,+2] 840
u [-2,+2,+2,+2,+2] 63
u [-2,+2,+2,+3] 840
u [-2,+2,+3] 18900
u [-2,+2,+3,+3] 420
u [-2,+2,+4] 1890
u [-2,+2,+5] 420
u [-2,+3] 183708
u [-2,+3,+3] 3150
u [-2,+3,+4] 420
u [-2,+4] 13230
u [-2,+5] 3528
u [+2] 5250987
u [-4,+2] 13230
u [+2,+2] 321489
u [-4,+2,+2] 945
u [+2,+2,+2] 10815
u [+2,+2,+2,+2] 210
u [+2,+2,+2,+3] 224
u [+2,+2,+2,+3,+3] 21
u [+2,+2,+2,+4] 84
u [+2,+2,+3] 9450
u [+2,+2,+3,+3] 168
u [+2,+2,+4] 630
u [+2,+2,+5] 210
u [+2,+3] 183708
u [-4,+2,+3] 420
u [+2,+3,+3] 2625
u [+2,+3,+4] 420
u [+2,+3,+5] 210
u [+2,+4] 13146
u [+2,+5] 3780
u [+2,+6] 378
u [+2,+7] 84
u [+3] 1500282
u [-4,+3] 3528
u [+3,+3] 26292
u [+3,+3,+3] 210
u [+3,+3,+3,+3] 14
u [+3,+3,+4] 105
u [+3,+4] 3780
u [+3,+5] 1260
u [+3,+6] 84
u [+4] 107163
u [+4,+4] 189
u [+4,+5] 84
u [+5] 30618
u [+6] 2205
u [+7] 588
