Gamma(13,1): 173 different patterns
1 [] 12500000
1 [-8] 160
1 [-6] 4000
1 [-4] 100000
1 [-4,-4] 320
1 [-4,+4] 640
1 [-4,+5] 260
1 [-4,+6] 40
1 [-4,+7] 20
1 [-2] 2500000
1 [-6,-2] 640
1 [-4,-2] 16000
1 [-4,-2,+4] 120
1 [-4,-2,+5] 60
1 [-2,-2] 200000
1 [-4,-2,-2] 960
1 [-2,-2,-2] 8000
1 [-2,-2,-2,-2] 160
1 [-2,-2,-2,-2,+2] 10
1 [-2,-2,-2,-2,+3] 5
1 [-2,-2,-2,+2] 640
1 [-2,-2,-2,+2,+2] 10
1 [-2,-2,-2,+2,+3] 10
1 [-2,-2,-2,+3] 260
1 [-2,-2,-2,+4] 40
1 [-2,-2,-2,+5] 20
1 [-2,-2,+2] 24000
1 [-4,-2,-2,+2] 120
1 [-2,-2,+2,+2] 960
1 [-2,-2,+2,+2,+2] 10
1 [-2,-2,+2,+2,+3] 20
1 [-2,-2,+2,+2,+5] 5
1 [-2,-2,+2,+3] 750
1 [-2,-2,+2,+3,+4] 10
1 [-2,-2,+2,+4] 60
1 [-2,-2,+2,+5] 30
1 [-2,-2,+3] 9600
1 [-4,-2,-2,+3] 60
1 [-2,-2,+3,+3] 150
1 [-2,-2,+3,+3,+3] 5
1 [-2,-2,+3,+4] 30
1 [-2,-2,+4] 960
1 [-2,-2,+5] 390
1 [-2,-2,+6] 60
1 [-2,-2,+7] 30
1 [-2,+2] 400000
1 [-6,-2,+2] 120
1 [-4,-2,+2] 1920
1 [-2,+2,+2] 24000
1 [-4,-2,+2,+2] 60
1 [-2,+2,+2,+2] 640
1 [-2,+2,+2,+2,+2] 10
1 [-2,+2,+2,+2,+3] 10
1 [-2,+2,+2,+3] 790
1 [-4,-2,+2,+2,+3] 10
1 [-2,+2,+2,+4] 60
1 [-2,+2,+2,+5] 40
1 [-2,+2,+2,+7] 10
1 [-2,+2,+3] 19200
1 [-4,-2,+2,+3] 60
1 [-2,+2,+3,+3] 300
1 [-2,+2,+3,+4] 80
1 [-2,+2,+3,+6] 20
1 [-2,+2,+4] 1920
1 [-2,+2,+4,+5] 20
1 [-2,+2,+5] 750
1 [-2,+2,+6] 60
1 [-2,+2,+7] 30
1 [-2,+3] 160000
1 [-6,-2,+3] 60
1 [-4,-2,+3] 780
1 [-2,+3,+3] 3840
1 [-2,+3,+3,+3] 40
1 [-2,+3,+3,+5] 30
1 [-2,+3,+4] 750
1 [-2,+3,+4,+4] 10
1 [-2,+3,+5] 300
1 [-2,+3,+6] 30
1 [-2,+4] 16000
1 [-2,+4,+4] 30
1 [-2,+4,+5] 30
1 [-2,+5] 6400
1 [-2,+6] 640
1 [-2,+7] 260
1 [-2,+8] 40
1 [-2,+9] 20
1 [+2] 2500000
1 [-8,+2] 40
1 [-6,+2] 640
1 [-4,+2] 16000
1 [-4,-4,+2] 60
1 [-4,+2,+4] 60
1 [-4,+2,+5] 30
1 [+2,+2] 200000
1 [-6,+2,+2] 30
1 [-4,+2,+2] 960
1 [-4,+2,+2,+5] 10
1 [+2,+2,+2] 8000
1 [-4,+2,+2,+2] 20
1 [+2,+2,+2,+2] 160
1 [+2,+2,+2,+2,+3] 5
1 [+2,+2,+2,+3] 250
1 [+2,+2,+2,+4] 40
1 [+2,+2,+2,+5] 10
1 [+2,+2,+3] 9600
1 [-6,+2,+2,+3] 10
1 [-4,+2,+2,+3] 40
1 [+2,+2,+3,+3] 150
1 [+2,+2,+3,+3,+3] 5
1 [+2,+2,+3,+4] 30
1 [+2,+2,+4] 960
1 [+2,+2,+5] 395
1 [+2,+2,+6] 30
1 [+2,+2,+7] 20
1 [+2,+2,+9] 5
1 [+2,+3] 160000
1 [-6,+2,+3] 30
1 [-4,+2,+3] 750
1 [-4,+2,+3,+4] 20
1 [+2,+3,+3] 3840
1 [+2,+3,+3,+3] 60
1 [+2,+3,+4] 790
1 [+2,+3,+5] 300
1 [+2,+3,+6] 40
1 [+2,+3,+8] 10
1 [+2,+4] 16000
1 [+2,+4,+4] 30
1 [+2,+4,+5] 40
1 [+2,+4,+7] 10
1 [+2,+5] 6400
1 [+2,+5,+6] 10
1 [+2,+6] 640
1 [+2,+7] 250
1 [+2,+8] 20
1 [+2,+9] 10
1 [+3] 1000000
1 [-8,+3] 20
1 [-6,+3] 260
1 [-4,+3] 6400
1 [-4,-4,+3] 30
1 [-4,+3,+4] 30
1 [+3,+3] 32000
1 [-4,+3,+3] 150
1 [+3,+3,+3] 515
1 [-4,+3,+3,+3] 10
1 [+3,+3,+4] 150
1 [+3,+3,+5] 60
1 [+3,+3,+7] 15
1 [+3,+4] 6400
1 [+3,+4,+4] 20
1 [+3,+4,+6] 10
1 [+3,+5] 2560
1 [+3,+5,+5] 15
1 [+3,+6] 250
1 [+3,+7] 100
1 [+3,+8] 10
1 [+4] 100000
1 [-6,+4] 40
1 [+4,+4] 320
1 [+4,+4,+5] 5
1 [+4,+5] 250
1 [+4,+6] 20
1 [+4,+7] 10
1 [+5] 40000
1 [-6,+5] 20
1 [+5,+5] 50
1 [+5,+6] 10
1 [+6] 4000
1 [+7] 1600
1 [+8] 160
1 [+9] 65
1 [+10] 10
1 [+11] 5
