Gamma(14,1): 195 different patterns
1 [] 1801088541
1 [-8] 2205
1 [-6] 107163
1 [-4] 5250987
1 [-4,-4] 6615
1 [-4,+4] 13146
1 [-4,+5] 3780
1 [-4,+6] 378
1 [-4,+7] 84
1 [-2] 257298363
1 [-6,-2] 13230
1 [-4,-2] 642978
1 [-4,-2,+4] 1890
1 [-4,-2,+5] 420
1 [-2,-2] 15752961
1 [-4,-2,-2] 33075
1 [-2,-2,-2] 535815
1 [-2,-2,-2,-2] 11025
1 [-2,-2,-2,-2,+2] 945
1 [-2,-2,-2,-2,+3] 210
1 [-2,-2,-2,+2] 43820
1 [-2,-2,-2,+2,+2] 1260
1 [-2,-2,-2,+2,+2,+2] 84
1 [-2,-2,-2,+2,+3] 840
1 [-2,-2,-2,+3] 12600
1 [-2,-2,-2,+3,+3] 210
1 [-2,-2,-2,+4] 1260
1 [-2,-2,-2,+5] 280
1 [-2,-2,+2] 1607445
1 [-4,-2,-2,+2] 3780
1 [-2,-2,+2,+2] 64890
1 [-2,-2,+2,+2,+2] 1260
1 [-2,-2,+2,+2,+3] 1008
1 [-2,-2,+2,+2,+3,+3] 63
1 [-2,-2,+2,+2,+4] 378
1 [-2,-2,+2,+3] 37800
1 [-2,-2,+2,+3,+3] 504
1 [-2,-2,+2,+4] 2520
1 [-2,-2,+2,+5] 840
1 [-2,-2,+3] 459270
1 [-4,-2,-2,+3] 840
1 [-2,-2,+3,+3] 5250
1 [-2,-2,+3,+4] 840
1 [-2,-2,+3,+5] 420
1 [-2,-2,+4] 32865
1 [-2,-2,+5] 9450
1 [-2,-2,+6] 945
1 [-2,-2,+7] 210
1 [-2,+2] 31505922
1 [-6,-2,+2] 1890
1 [-4,-2,+2] 65730
1 [-2,+2,+2] 1607445
1 [-4,-2,+2,+2] 2520
1 [-2,+2,+2,+2] 44380
1 [-4,-2,+2,+2,+2] 252
1 [-2,+2,+2,+2,+2] 630
1 [-2,+2,+2,+2,+3] 672
1 [-2,+2,+2,+3] 37296
1 [-2,+2,+2,+3,+3] 189
1 [-2,+2,+2,+3,+5] 126
1 [-2,+2,+2,+4] 2520
1 [-2,+2,+2,+5] 672
1 [-2,+2,+2,+6] 252
1 [-2,+2,+3] 918540
1 [-4,-2,+2,+3] 1680
1 [-2,+2,+3,+3] 9912
1 [-2,+2,+3,+3,+4] 126
1 [-2,+2,+3,+4] 1344
1 [-2,+2,+3,+5] 672
1 [-2,+2,+4] 64890
1 [-2,+2,+4,+4] 252
1 [-2,+2,+5] 18900
1 [-2,+2,+6] 1260
1 [-2,+2,+7] 420
1 [-2,+3] 9001692
1 [-6,-2,+3] 420
1 [-4,-2,+3] 18900
1 [-2,+3,+3] 131040
1 [-4,-2,+3,+3] 420
1 [-2,+3,+3,+3] 1064
1 [-2,+3,+3,+4] 336
1 [-2,+3,+4] 18900
1 [-2,+3,+5] 5250
1 [-2,+3,+6] 420
1 [-2,+3,+7] 210
1 [-2,+4] 642978
1 [-2,+4,+4] 630
1 [-2,+4,+5] 420
1 [-2,+5] 183708
1 [-2,+5,+5] 105
1 [-2,+6] 13146
1 [-2,+7] 3780
1 [-2,+8] 378
1 [-2,+9] 84
1 [+2] 257298363
1 [-8,+2] 378
1 [-6,+2] 13146
1 [-4,+2] 642978
1 [-4,-4,+2] 945
1 [-4,+2,+4] 1260
1 [-4,+2,+5] 420
1 [+2,+2] 15752961
1 [-6,+2,+2] 630
1 [-4,+2,+2] 32445
1 [-4,+2,+2,+4] 252
1 [+2,+2,+2] 535815
1 [-6,+2,+2,+2] 84
1 [-4,+2,+2,+2] 840
1 [+2,+2,+2,+2] 10815
1 [+2,+2,+2,+2,+2] 189
1 [+2,+2,+2,+2,+2,+2,+2] 1
1 [+2,+2,+2,+2,+3] 210
1 [+2,+2,+2,+3] 12432
1 [+2,+2,+2,+3,+3] 168
1 [+2,+2,+2,+4] 840
1 [+2,+2,+2,+5] 224
1 [+2,+2,+3] 459270
1 [-4,+2,+2,+3] 672
1 [+2,+2,+3,+3] 5985
1 [-4,+2,+2,+3,+3] 63
1 [+2,+2,+3,+4] 672
1 [+2,+2,+3,+5] 126
1 [+2,+2,+3,+7] 42
1 [+2,+2,+4] 33285
1 [+2,+2,+5] 9324
1 [+2,+2,+5,+5] 21
1 [+2,+2,+6] 630
1 [+2,+2,+7] 168
1 [+2,+2,+8] 63
1 [+2,+3] 9001692
1 [-6,+2,+3] 420
1 [-4,+2,+3] 18900
1 [+2,+3,+3] 131376
1 [-4,+2,+3,+3] 336
1 [+2,+3,+3,+3] 952
1 [+2,+3,+3,+3,+3] 21
1 [+2,+3,+3,+4] 126
1 [+2,+3,+3,+6] 42
1 [+2,+3,+4] 18648
1 [+2,+3,+4,+5] 84
1 [+2,+3,+5] 4956
1 [+2,+3,+6] 336
1 [+2,+3,+7] 168
1 [+2,+4] 642978
1 [+2,+4,+4] 630
1 [+2,+4,+5] 336
1 [+2,+4,+6] 126
1 [+2,+5] 183708
1 [+2,+5,+5] 84
1 [+2,+6] 12978
1 [+2,+7] 3780
1 [+2,+8] 252
1 [+2,+9] 84
1 [+3] 73513818
1 [-8,+3] 84
1 [-6,+3] 3780
1 [-4,+3] 183708
1 [-4,-4,+3] 210
1 [-4,+3,+4] 420
1 [-4,+3,+5] 210
1 [+3,+3] 1285956
1 [-6,+3,+3] 105
1 [-4,+3,+3] 2625
1 [+3,+3,+3] 12558
1 [+3,+3,+3,+3] 84
1 [+3,+3,+4] 2478
1 [+3,+3,+4,+4] 21
1 [+3,+3,+5] 798
1 [+3,+3,+6] 84
1 [+3,+4] 183708
1 [+3,+4,+4] 168
1 [+3,+4,+5] 168
1 [+3,+5] 52416
1 [+3,+6] 3780
1 [+3,+7] 1050
1 [+3,+8] 84
1 [+3,+9] 42
1 [+4] 5250987
1 [-6,+4] 378
1 [+4,+4] 6489
1 [+4,+4,+4] 21
1 [+4,+5] 3780
1 [+4,+6] 252
1 [+4,+7] 84
1 [+5] 1500282
1 [-6,+5] 84
1 [+5,+5] 525
1 [+5,+6] 84
1 [+5,+7] 42
1 [+6] 107163
1 [+7] 30618
1 [+8] 2191
1 [+9] 630
1 [+10] 63
1 [+11] 14
Gamma(14,u): 171 different patterns
u [] 1801048005
u [-10] 129
u [-8] 2032
u [-6] 106347
u [-8,-6] 36
u [-4] 5245287
u [-10,-4] 36
u [-6,-4] 732
u [-4,-4] 6138
u [-6,-4,-4] 93
u [-4,+4] 13230
u [-4,+5] 3528
u [-2] 257258228
u [-12,-2] 36
u [-8,-2] 774
u [-6,-2] 12276
u [-6,-6,-2] 93
u [-4,-2] 638010
u [-8,-4,-2] 186
u [-4,-4,-2] 1914
u [-4,-4,-4,-2] 108
u [-2,-2] 15735765
u [-10,-2,-2] 93
u [-6,-2,-2] 1872
u [-4,-2,-2] 30690
u [-6,-4,-2,-2] 366
u [-2,-2,-2] 531735
u [-8,-2,-2,-2] 108
u [-4,-2,-2,-2] 2496
u [-4,-4,-2,-2,-2] 186
u [-2,-2,-2,-2] 10202
u [-6,-2,-2,-2,-2] 93
u [-2,-2,-2,-2,-2] 387
u [-4,-2,-2,-2,-2,-2] 36
u [-2,-2,-2,+2] 44100
u [-2,-2,-2,+2,+2] 1890
u [-2,-2,-2,+2,+3] 840
u [-2,-2,-2,+3] 11760
u [-2,-2,+2] 1607445
u [-2,-2,+2,+2] 65730
u [-2,-2,+2,+2,+2] 1260
u [-2,-2,+2,+2,+2,+2] 63
u [-2,-2,+2,+2,+3] 1260
u [-2,-2,+2,+3] 37800
u [-2,-2,+2,+3,+3] 630
u [-2,-2,+2,+4] 3780
u [-2,-2,+2,+5] 840
u [-2,-2,+3] 459264
u [-2,-2,+3,+3] 6300
u [-2,-2,+3,+4] 840
u [-2,-2,+4] 33075
u [-2,-2,+5] 8820
u [-2,+2] 31505850
u [-4,-2,+2] 66150
u [-2,+2,+2] 1607439
u [-4,-2,+2,+2] 3780
u [-2,+2,+2,+2] 43260
u [-2,+2,+2,+2,+2] 630
u [-2,+2,+2,+2,+3] 672
u [-2,+2,+2,+2,+3,+3] 42
u [-2,+2,+2,+2,+4] 252
u [-2,+2,+2,+3] 37800
u [-2,+2,+2,+3,+3] 504
u [-2,+2,+2,+4] 2520
u [-2,+2,+2,+5] 840
u [-2,+2,+3] 918522
u [-4,-2,+2,+3] 1680
u [-2,+2,+3,+3] 10500
u [-2,+2,+3,+4] 1680
u [-2,+2,+3,+5] 840
u [-2,+2,+4] 65730
u [-2,+2,+5] 18900
u [-2,+2,+6] 1890
u [-2,+2,+7] 420
u [-2,+3] 9001674
u [-4,-2,+3] 17634
u [-2,+3,+3] 131460
u [-2,+3,+3,+3] 840
u [-2,+3,+3,+3,+3] 42
u [-2,+3,+3,+4] 420
u [-2,+3,+4] 18900
u [-2,+3,+5] 6300
u [-2,+3,+6] 420
u [-2,+4] 642978
u [-2,+4,+4] 945
u [-2,+4,+5] 420
u [-2,+5] 183708
u [-2,+6] 13230
u [-2,+7] 3528
u [+2] 257298297
u [-6,+2] 13230
u [-4,+2] 642972
u [-4,+2,+4] 1890
u [-4,+2,+5] 420
u [+2,+2] 15752955
u [-6,+2,+2] 945
u [-4,+2,+2] 32865
u [+2,+2,+2] 535815
u [-4,+2,+2,+2] 840
u [+2,+2,+2,+2] 11095
u [-4,+2,+2,+2,+2] 63
u [+2,+2,+2,+2,+2] 126
u [+2,+2,+2,+2,+3] 168
u [+2,+2,+2,+3] 12432
u [+2,+2,+2,+3,+3] 63
u [+2,+2,+2,+3,+5] 42
u [+2,+2,+2,+4] 840
u [+2,+2,+2,+5] 224
u [+2,+2,+2,+6] 84
u [+2,+2,+3] 459270
u [-4,+2,+2,+3] 840
u [+2,+2,+3,+3] 4956
u [+2,+2,+3,+3,+4] 63
u [+2,+2,+3,+4] 672
u [+2,+2,+3,+5] 336
u [+2,+2,+4] 32445
u [+2,+2,+4,+4] 126
u [+2,+2,+5] 9450
u [+2,+2,+6] 630
u [+2,+2,+7] 210
u [+2,+3] 9001674
u [-6,+2,+3] 420
u [-4,+2,+3] 18900
u [+2,+3,+3] 131040
u [-4,+2,+3,+3] 420
u [+2,+3,+3,+3] 1064
u [+2,+3,+3,+4] 336
u [+2,+3,+4] 18900
u [+2,+3,+5] 5250
u [+2,+3,+6] 420
u [+2,+3,+7] 210
u [+2,+4] 642978
u [+2,+4,+4] 630
u [+2,+4,+5] 420
u [+2,+5] 183708
u [+2,+5,+5] 105
u [+2,+6] 13146
u [+2,+7] 3780
u [+2,+8] 378
u [+2,+9] 84
u [+3] 73513806
u [-6,+3] 3528
u [-4,+3] 183708
u [-4,+3,+4] 420
u [+3,+3] 1285956
u [-4,+3,+3] 3150
u [+3,+3,+3] 12390
u [+3,+3,+3,+3] 84
u [+3,+3,+3,+5] 56
u [+3,+3,+4] 2625
u [+3,+3,+5] 630
u [+3,+3,+6] 105
u [+3,+4] 183708
u [+3,+4,+4] 210
u [+3,+4,+5] 210
u [+3,+5] 52584
u [+3,+6] 3780
u [+3,+7] 1260
u [+3,+8] 84
u [+4] 5250987
u [+4,+4] 6573
u [+4,+5] 3780
u [+4,+6] 378
u [+4,+7] 84
u [+5] 1500282
u [+5,+5] 630
u [+5,+6] 84
u [+6] 107163
u [+7] 30618
u [+8] 2205
u [+9] 588
